point_cloud_registrate_odom_x_y_z	optimizated_odom_x_y_z	gps_x_y_z
  0.000	0.000	0.000	0.000	0.000	0.000	0.000	0.000	0.000
  1.205	-0.016	0.004	1.205	-0.016	0.004	1.339	0.129	0.000
  2.430	-0.022	-0.011	2.430	-0.022	-0.011	2.608	0.240	0.000
  3.625	-0.046	-0.014	3.625	-0.046	-0.014	3.862	0.344	0.000
  4.699	-0.059	-0.001	4.699	-0.059	-0.001	4.949	0.434	0.000
  5.913	-0.106	-0.011	5.913	-0.106	-0.011	6.156	0.520	0.000
  7.245	-0.164	-0.034	7.245	-0.164	-0.034	7.466	0.612	0.000
  8.651	-0.245	-0.048	8.651	-0.245	-0.048	8.883	0.696	0.000
  9.675	-0.328	-0.040	9.675	-0.328	-0.040	9.894	0.754	0.000
 10.746	-0.404	-0.042	10.746	-0.404	-0.042	10.927	0.807	0.000
 11.771	-0.478	-0.060	11.771	-0.478	-0.060	11.977	0.856	0.000
 12.819	-0.575	-0.072	12.819	-0.575	-0.072	13.054	0.899	0.000
 13.888	-0.655	-0.071	13.888	-0.655	-0.071	14.158	0.950	0.000
 14.996	-0.746	-0.065	14.996	-0.746	-0.065	15.287	0.999	0.000
 16.119	-0.851	-0.068	16.119	-0.851	-0.068	16.436	1.057	0.000
 17.270	-0.918	-0.071	17.270	-0.918	-0.071	17.601	1.120	0.000
 18.434	-0.999	-0.069	18.434	-0.999	-0.069	18.784	1.200	0.000
 19.606	-1.060	-0.071	19.606	-1.060	-0.071	19.982	1.288	0.000
 20.782	-1.104	-0.072	20.782	-1.104	-0.072	21.192	1.397	0.000
 21.996	-1.116	-0.060	21.996	-1.116	-0.060	22.413	1.520	0.000
 23.225	-1.154	-0.072	23.225	-1.154	-0.072	23.643	1.642	0.000
 24.444	-1.174	-0.077	24.444	-1.174	-0.077	24.878	1.764	0.000
 25.676	-1.216	-0.071	25.676	-1.216	-0.071	26.122	1.889	0.000
 26.902	-1.238	-0.073	26.902	-1.238	-0.073	27.366	2.018	0.000
 28.154	-1.272	-0.068	28.154	-1.272	-0.068	28.621	2.132	0.000
 29.404	-1.302	-0.071	29.404	-1.302	-0.071	29.877	2.261	0.000
 30.648	-1.337	-0.073	30.648	-1.337	-0.073	31.137	2.383	0.000
 31.922	-1.350	-0.054	31.922	-1.350	-0.054	32.404	2.513	0.000
 33.165	-1.378	-0.052	33.165	-1.378	-0.052	33.657	2.634	0.000
 34.409	-1.437	-0.048	34.409	-1.437	-0.048	34.909	2.743	0.000
 35.664	-1.497	-0.055	35.664	-1.497	-0.055	36.149	2.848	0.000
 36.903	-1.580	-0.047	36.903	-1.580	-0.047	37.393	2.940	0.000
 38.144	-1.664	-0.054	38.144	-1.664	-0.054	38.626	3.024	0.000
 39.369	-1.759	-0.077	39.369	-1.759	-0.077	39.845	3.100	0.000
 40.589	-1.852	-0.070	40.589	-1.852	-0.070	41.067	3.172	0.000
 41.815	-1.955	-0.066	41.815	-1.955	-0.066	42.280	3.239	0.000
 43.014	-2.030	-0.075	43.014	-2.030	-0.075	43.481	3.302	0.000
 44.190	-2.138	-0.084	44.190	-2.138	-0.084	44.658	3.355	0.000
 45.336	-2.250	-0.088	45.336	-2.250	-0.088	45.799	3.408	0.000
 46.457	-2.336	-0.089	46.457	-2.336	-0.089	46.907	3.451	0.000
 47.537	-2.443	-0.100	47.537	-2.443	-0.100	47.974	3.499	0.000
 48.568	-2.546	-0.090	48.568	-2.546	-0.090	49.002	3.563	0.000
 49.583	-2.616	-0.061	49.583	-2.616	-0.061	50.003	3.646	0.000
 51.027	-2.660	-0.061	51.027	-2.660	-0.061	51.403	3.823	0.000
 52.388	-2.584	-0.061	52.388	-2.584	-0.061	52.724	4.089	0.000
 53.707	-2.391	-0.044	53.707	-2.391	-0.044	54.003	4.452	0.000
 54.980	-2.035	-0.022	54.980	-2.035	-0.022	55.206	4.951	0.000
 56.178	-1.501	0.011	56.178	-1.501	0.011	56.311	5.580	0.000
 57.280	-0.841	0.048	57.280	-0.841	0.048	57.303	6.318	0.000
 58.260	-0.034	0.069	58.260	-0.034	0.069	58.167	7.157	0.000
 59.120	0.831	0.081	59.120	0.831	0.081	58.897	8.087	0.000
 59.804	1.752	0.092	59.804	1.752	0.092	59.505	9.063	0.000
 60.352	2.767	0.093	60.352	2.767	0.093	59.957	10.132	0.000
 60.815	3.838	0.099	60.815	3.838	0.099	60.301	11.249	0.000
 61.136	4.930	0.102	61.136	4.930	0.102	60.536	12.535	0.000
 61.348	6.051	0.140	61.348	6.051	0.140	60.610	13.450	0.000
 61.477	7.222	0.189	61.477	7.222	0.189	60.615	14.577	0.000
 61.554	8.378	0.212	61.554	8.378	0.212	60.558	15.715	0.000
 61.629	9.539	0.241	61.629	9.539	0.241	60.473	16.872	0.000
 61.692	10.744	0.279	61.692	10.744	0.279	60.360	18.047	0.000
 61.751	11.970	0.320	61.751	11.970	0.320	60.245	19.241	0.000
 61.815	13.152	0.347	61.815	13.152	0.347	60.134	20.388	0.000
 61.874	14.323	0.375	61.874	14.323	0.375	60.033	21.520	0.000
 61.955	15.444	0.396	61.955	15.444	0.396	59.969	22.603	0.000
 62.087	16.489	0.426	62.087	16.489	0.426	59.967	23.634	0.000
 62.512	17.727	0.447	62.512	17.727	0.447	60.144	24.887	0.000
 63.140	18.774	0.468	63.140	18.774	0.468	60.507	26.029	0.000
 63.842	19.705	0.483	63.842	19.705	0.483	61.011	27.059	0.000
 64.657	20.483	0.495	64.657	20.483	0.495	61.656	27.968	0.000
 65.621	21.133	0.502	65.621	21.133	0.502	62.445	28.779	0.000
 66.746	21.617	0.481	66.746	21.617	0.481	63.436	29.463	0.000
 68.019	21.897	0.469	68.019	21.897	0.469	64.639	29.998	0.000
 69.088	21.978	0.464	69.088	21.978	0.464	65.689	30.251	0.000
 70.256	21.922	0.453	70.256	21.922	0.453	66.843	30.389	0.000
 71.486	21.790	0.439	71.486	21.790	0.439	68.073	30.524	0.000
 72.762	21.631	0.428	72.762	21.631	0.428	69.347	30.580	0.000
 74.117	21.485	0.429	74.117	21.485	0.429	70.705	30.645	0.000
 75.542	21.316	0.431	75.542	21.316	0.431	72.111	30.671	0.000
 77.016	21.167	0.436	77.016	21.167	0.436	73.563	30.678	0.000
 78.508	21.026	0.444	78.508	21.026	0.444	74.933	30.682	0.000
 80.008	20.926	0.451	80.008	20.926	0.451	76.402	30.758	0.000
 81.030	20.866	0.483	81.030	20.866	0.483	77.402	30.822	0.000
 82.066	20.829	0.489	82.066	20.829	0.489	78.402	30.901	0.000
 83.112	20.782	0.480	83.112	20.782	0.480	79.424	30.977	0.000
 84.154	20.740	0.476	84.154	20.740	0.476	80.447	31.059	0.000
 85.197	20.711	0.472	85.197	20.711	0.472	81.475	31.152	0.000
 86.258	20.666	0.485	86.258	20.666	0.485	82.521	31.238	0.000
 87.312	20.634	0.485	87.312	20.634	0.485	83.553	31.330	0.000
 88.361	20.588	0.493	88.361	20.588	0.493	84.595	31.411	0.000
 89.419	20.524	0.488	89.419	20.524	0.488	85.644	31.483	0.000
 90.476	20.449	0.506	90.476	20.449	0.506	86.699	31.550	0.000
 91.538	20.356	0.532	91.538	20.356	0.532	87.769	31.598	0.000
 92.603	20.261	0.539	92.603	20.261	0.539	88.839	31.657	0.000
 93.673	20.166	0.553	93.673	20.166	0.553	89.911	31.709	0.000
 94.745	20.082	0.583	94.745	20.082	0.583	90.980	31.770	0.000
 95.811	19.992	0.591	95.811	19.992	0.591	92.038	31.825	0.000
 96.862	19.906	0.615	96.862	19.906	0.615	93.092	31.889	0.000
 97.922	19.835	0.633	97.922	19.835	0.633	94.146	31.964	0.000
 98.983	19.757	0.672	98.983	19.757	0.672	95.199	32.023	0.000
100.036	19.685	0.670	100.036	19.685	0.670	96.237	32.091	0.000
101.083	19.625	0.710	101.083	19.625	0.710	97.264	32.168	0.000
102.124	19.555	0.743	102.124	19.555	0.743	98.291	32.249	0.000
103.166	19.509	0.774	103.166	19.509	0.774	99.309	32.334	0.000
104.201	19.452	0.794	104.201	19.452	0.794	100.362	32.427	0.000
105.232	19.410	0.830	105.232	19.410	0.830	101.363	32.518	0.000
106.248	19.356	0.855	106.248	19.356	0.855	102.355	32.594	0.000
107.262	19.317	0.889	107.262	19.317	0.889	103.346	32.692	0.000
108.280	19.262	0.909	108.280	19.262	0.909	104.324	32.716	0.000
109.745	19.183	0.965	109.745	19.183	0.965	105.744	32.838	0.000
111.097	19.118	1.037	111.097	19.118	1.037	107.043	32.966	0.000
112.372	19.106	1.097	112.372	19.106	1.097	108.287	33.144	0.000
113.560	19.099	1.158	113.560	19.099	1.158	109.439	33.265	0.000
114.647	19.041	1.203	114.647	19.041	1.203	110.518	33.324	0.000
115.633	18.859	1.217	115.633	18.859	1.217	111.524	33.306	0.000
116.780	18.364	1.214	116.780	18.364	1.214	112.742	33.018	0.000
117.742	17.634	1.199	117.742	17.634	1.199	113.814	32.482	0.000
118.435	16.742	1.157	118.435	16.742	1.157	114.695	31.739	0.000
118.887	15.737	1.113	118.887	15.737	1.113	115.365	30.814	0.000
119.147	14.570	1.052	119.147	14.570	1.052	115.873	29.688	0.000
119.241	13.271	0.982	119.241	13.271	0.982	116.214	28.400	0.000
119.208	12.203	0.917	119.208	12.203	0.917	116.384	27.332	0.000
119.117	11.079	0.854	119.117	11.079	0.854	116.489	26.188	0.000
119.024	9.879	0.766	119.024	9.879	0.766	116.564	24.954	0.000
118.926	8.592	0.676	118.926	8.592	0.676	116.641	23.684	0.000
118.837	7.313	0.557	118.837	7.313	0.557	116.718	22.431	0.000
118.750	6.080	0.468	118.750	6.080	0.468	116.788	21.211	0.000
118.640	4.849	0.386	118.640	4.849	0.386	116.830	20.039	0.000
118.485	3.701	0.292	118.485	3.701	0.292	116.838	18.927	0.000
118.272	2.629	0.207	118.272	2.629	0.207	116.788	17.876	0.000
117.953	1.355	0.099	117.953	1.355	0.099	116.629	16.579	0.000
117.436	0.215	-0.002	117.436	0.215	-0.002	116.302	15.356	0.000
116.805	-0.840	-0.086	116.805	-0.840	-0.086	115.842	14.220	0.000
116.010	-1.706	-0.162	116.010	-1.706	-0.162	115.213	13.205	0.000
115.056	-2.494	-0.222	115.056	-2.494	-0.222	114.396	12.259	0.000
114.180	-2.981	-0.283	114.180	-2.981	-0.283	113.597	11.623	0.000
113.210	-3.347	-0.326	113.210	-3.347	-0.326	112.662	11.092	0.000
112.131	-3.564	-0.353	112.131	-3.564	-0.353	111.604	10.696	0.000
110.947	-3.607	-0.365	110.947	-3.607	-0.365	110.431	10.450	0.000
109.699	-3.554	-0.358	109.699	-3.554	-0.358	109.151	10.300	0.000
108.347	-3.450	-0.352	108.347	-3.450	-0.352	107.774	10.221	0.000
106.927	-3.296	-0.325	106.927	-3.296	-0.325	106.342	10.195	0.000
105.488	-3.111	-0.304	105.488	-3.111	-0.304	104.907	10.222	0.000
104.018	-2.898	-0.296	104.018	-2.898	-0.296	103.434	10.262	0.000
102.998	-2.777	-0.261	102.998	-2.777	-0.261	102.409	10.286	0.000
101.949	-2.651	-0.253	101.948	-2.651	-0.253	101.361	10.309	0.000
100.863	-2.537	-0.241	100.863	-2.537	-0.241	100.292	10.321	0.000
 99.766	-2.415	-0.228	99.766	-2.415	-0.228	99.209	10.336	0.000
 98.643	-2.303	-0.193	98.643	-2.303	-0.193	98.101	10.341	0.000
 97.503	-2.209	-0.176	97.503	-2.209	-0.176	96.978	10.333	0.000
 96.339	-2.129	-0.151	96.339	-2.129	-0.151	95.841	10.315	0.000
 95.180	-2.056	-0.133	95.180	-2.056	-0.133	94.686	10.282	0.000
 93.998	-2.006	-0.118	93.998	-2.006	-0.118	93.515	10.243	0.000
 92.779	-1.951	-0.094	92.779	-1.951	-0.094	92.324	10.190	0.000
 91.568	-1.932	-0.088	91.568	-1.932	-0.088	91.130	10.120	0.000
 90.377	-1.911	-0.091	90.377	-1.911	-0.091	89.940	10.045	0.000
 89.175	-1.909	-0.071	89.175	-1.909	-0.071	88.740	9.951	0.000
 87.970	-1.904	-0.073	87.970	-1.904	-0.073	87.541	9.851	0.000
 86.754	-1.910	-0.073	86.754	-1.910	-0.073	86.334	9.743	0.000
 85.517	-1.921	-0.044	85.517	-1.921	-0.044	85.119	9.629	0.000
 84.285	-1.949	-0.038	84.285	-1.949	-0.038	83.907	9.507	0.000
 83.078	-1.957	-0.032	83.077	-1.957	-0.032	82.707	9.399	0.000
 81.887	-1.993	-0.019	81.887	-1.993	-0.019	81.515	9.283	0.000
 80.688	-2.001	-0.014	80.688	-2.001	-0.014	80.330	9.172	0.000
 79.485	-2.041	-0.024	79.485	-2.041	-0.024	79.157	9.048	0.000
 78.316	-2.069	-0.020	78.316	-2.069	-0.020	77.999	8.926	0.000
 77.177	-2.094	-0.019	77.177	-2.094	-0.019	76.878	8.804	0.000
 76.057	-2.127	-0.022	76.057	-2.127	-0.022	75.800	8.687	0.000
 74.954	-2.177	-0.010	74.954	-2.177	-0.010	74.742	8.584	0.000
 73.868	-2.180	0.005	73.868	-2.180	0.005	73.710	8.511	0.000
 72.841	-2.130	0.018	72.841	-2.130	0.018	72.718	8.488	0.000
 71.369	-1.986	0.034	71.369	-1.986	0.034	71.274	8.527	0.000
 70.007	-1.699	0.069	70.007	-1.699	0.069	69.917	8.681	0.000
 68.727	-1.310	0.128	68.727	-1.310	0.128	68.644	8.953	0.000
 67.535	-0.833	0.185	67.535	-0.833	0.185	67.440	9.338	0.000
 66.455	-0.145	0.256	66.455	-0.145	0.256	66.316	9.878	0.000
 65.523	0.616	0.318	65.523	0.616	0.318	65.301	10.541	0.000
 64.670	1.535	0.434	64.670	1.535	0.434	64.365	11.356	0.000
 63.946	2.535	0.536	63.946	2.535	0.536	63.529	12.301	0.000
 63.349	3.688	0.681	63.349	3.688	0.681	62.812	13.398	0.000
 62.856	4.972	0.856	62.856	4.972	0.856	62.216	14.622	0.000
 62.542	6.310	1.026	62.542	6.310	1.026	61.756	15.915	0.000
 62.259	7.647	1.177	62.259	7.647	1.177	61.379	17.241	0.000
 62.099	9.030	1.372	62.099	9.030	1.372	61.107	18.638	0.000
 62.004	10.506	1.544	62.004	10.506	1.544	60.913	20.096	0.000
 61.988	11.497	1.690	61.988	11.497	1.690	60.838	21.103	0.000
 62.024	12.536	1.798	62.024	12.536	1.798	60.784	22.123	0.000
 62.056	13.561	1.932	62.056	13.561	1.932	60.747	23.148	0.000
 62.112	14.599	2.064	62.112	14.599	2.064	60.718	24.181	0.000
 62.148	15.635	2.193	62.147	15.635	2.193	60.677	25.212	0.000
 62.134	16.685	2.301	62.134	16.685	2.301	60.600	26.247	0.000
 62.089	17.736	2.444	62.088	17.736	2.444	60.488	27.287	0.000
 61.972	18.763	2.557	61.972	18.763	2.557	60.314	28.308	0.000
 61.751	19.798	2.685	61.751	19.798	2.685	60.056	29.309	0.000
 61.457	20.808	2.815	61.457	20.808	2.815	59.724	30.287	0.000
 61.109	21.765	2.895	61.109	21.765	2.895	59.330	31.203	0.000
 60.648	22.658	2.957	60.648	22.658	2.957	58.843	32.060	0.000
 59.797	23.871	3.135	59.797	23.871	3.135	57.950	33.235	0.000
 58.756	24.913	3.261	58.756	24.913	3.261	56.897	34.229	0.000
 57.556	25.755	3.366	57.556	25.755	3.366	55.708	35.029	0.000
 56.254	26.366	3.436	56.254	26.366	3.436	54.428	35.626	0.000
 54.870	26.822	3.486	54.870	26.822	3.486	53.069	36.050	0.000
 53.431	27.074	3.506	53.431	27.074	3.506	51.643	36.290	0.000
 52.417	27.198	3.538	52.417	27.198	3.538	50.639	36.387	0.000
 51.372	27.282	3.572	51.371	27.282	3.572	49.608	36.437	0.000
 50.320	27.347	3.588	50.320	27.347	3.588	48.563	36.456	0.000
 49.253	27.393	3.620	49.253	27.393	3.620	47.486	36.453	0.000
 48.133	27.401	3.651	48.133	27.401	3.651	46.376	36.417	0.000
 46.991	27.393	3.659	46.991	27.393	3.659	45.249	36.354	0.000
 45.849	27.364	3.653	45.849	27.364	3.653	44.111	36.284	0.000
 44.691	27.330	3.692	44.691	27.330	3.692	42.946	36.195	0.000
 43.499	27.273	3.718	43.498	27.273	3.718	41.761	36.084	0.000
 42.287	27.205	3.732	42.287	27.205	3.732	40.560	35.958	0.000
 41.049	27.126	3.758	41.049	27.126	3.758	39.339	35.821	0.000
 39.797	27.050	3.771	39.797	27.050	3.771	38.107	35.680	0.000
 38.544	26.970	3.775	38.544	26.970	3.775	36.875	35.529	0.000
 37.296	26.891	3.815	37.295	26.891	3.815	35.632	35.378	0.000
 36.025	26.799	3.847	36.025	26.799	3.847	34.383	35.213	0.000
 34.764	26.700	3.873	34.764	26.700	3.873	33.128	35.049	0.000
 33.485	26.608	3.915	33.485	26.608	3.915	31.868	34.888	0.000
 32.198	26.513	3.928	32.198	26.513	3.928	30.600	34.728	0.000
 30.920	26.426	3.928	30.920	26.426	3.928	29.343	34.573	0.000
 29.638	26.337	3.950	29.638	26.337	3.950	28.087	34.415	0.000
 28.327	26.239	3.967	28.327	26.239	3.967	26.816	34.257	0.000
 27.003	26.155	3.997	27.003	26.155	3.997	25.532	34.104	0.000
 25.662	26.078	4.013	25.662	26.078	4.013	24.246	33.959	0.000
 24.351	26.013	4.067	24.351	26.013	4.067	22.961	33.823	0.000
 23.035	25.952	4.104	23.035	25.952	4.104	21.683	33.692	0.000
 21.734	25.911	4.157	21.734	25.911	4.157	20.408	33.581	0.000
 20.447	25.879	4.200	20.447	25.879	4.200	19.145	33.476	0.000
 19.171	25.850	4.250	19.171	25.850	4.250	17.886	33.373	0.000
 17.890	25.844	4.292	17.890	25.844	4.292	16.628	33.284	0.000
 16.648	25.806	4.312	16.648	25.806	4.312	15.402	33.163	0.000
 15.391	25.766	4.346	15.391	25.766	4.346	14.170	33.046	0.000
 14.138	25.719	4.396	14.138	25.719	4.396	12.937	32.927	0.000
 12.907	25.675	4.415	12.906	25.675	4.415	11.723	32.817	0.000
 11.682	25.630	4.454	11.682	25.630	4.454	10.514	32.705	0.000
 10.463	25.591	4.501	10.463	25.591	4.501	9.315	32.613	0.000
  9.248	25.545	4.542	9.248	25.545	4.542	8.123	32.515	0.000
  8.039	25.519	4.614	8.039	25.519	4.614	6.931	32.437	0.000
  6.854	25.514	4.673	6.854	25.514	4.673	5.747	32.362	0.000
  5.664	25.498	4.717	5.664	25.498	4.717	4.576	32.278	0.000
  4.483	25.470	4.743	4.483	25.470	4.743	3.427	32.178	0.000
  3.335	25.445	4.763	3.335	25.445	4.763	2.292	32.081	0.000
  2.206	25.402	4.787	2.205	25.402	4.787	1.180	31.964	0.000
  1.112	25.298	4.807	1.112	25.298	4.807	0.090	31.797	0.000
  0.018	25.140	4.821	0.018	25.140	4.821	-0.983	31.597	0.000
 -1.047	24.952	4.827	-1.048	24.952	4.827	-2.023	31.347	0.000
 -2.095	24.729	4.839	-2.095	24.729	4.839	-3.050	31.056	0.000
 -3.120	24.447	4.845	-3.120	24.447	4.845	-4.053	30.716	0.000
 -4.130	24.129	4.849	-4.131	24.129	4.849	-5.034	30.336	0.000
 -5.110	23.747	4.863	-5.110	23.747	4.863	-5.987	29.906	0.000
 -6.052	23.325	4.864	-6.052	23.325	4.864	-6.909	29.443	0.000
 -6.956	22.860	4.860	-6.956	22.860	4.860	-7.794	28.940	0.000
 -8.252	22.107	4.884	-8.252	22.107	4.884	-9.077	28.116	0.000
 -9.090	21.520	4.869	-9.090	21.520	4.869	-9.899	27.513	0.000
 -9.910	20.905	4.845	-9.910	20.905	4.845	-10.701	26.881	0.000
-11.092	19.979	4.829	-11.092	19.979	4.829	-11.866	25.883	0.000
-11.888	19.326	4.815	-11.888	19.326	4.815	-12.629	25.184	0.000
-12.659	18.625	4.801	-12.659	18.625	4.801	-13.377	24.464	0.000
-13.434	17.943	4.744	-13.434	17.943	4.744	-14.108	23.729	0.000
-14.200	17.219	4.747	-14.200	17.219	4.747	-14.828	22.964	0.000
-14.969	16.515	4.738	-14.970	16.515	4.738	-15.550	22.186	0.000
-15.707	15.783	4.714	-15.707	15.783	4.714	-16.242	21.384	0.000
-16.432	15.025	4.674	-16.433	15.025	4.674	-16.910	20.560	0.000
-17.109	14.204	4.653	-17.109	14.204	4.653	-17.548	19.717	0.000
-17.795	13.402	4.632	-17.795	13.402	4.632	-18.167	18.880	0.000
-18.428	12.578	4.608	-18.428	12.578	4.608	-18.739	18.016	0.000
-19.027	11.745	4.573	-19.028	11.745	4.573	-19.273	17.131	0.000
-19.562	10.864	4.556	-19.562	10.864	4.556	-19.734	16.212	0.000
-20.020	9.972	4.524	-20.021	9.972	4.524	-20.147	15.263	0.000
-20.420	9.050	4.484	-20.420	9.050	4.484	-20.487	14.285	0.000
-20.844	7.617	4.425	-20.845	7.617	4.425	-20.844	12.782	0.000
-21.037	6.608	4.402	-21.037	6.608	4.402	-20.971	11.763	0.000
-21.095	5.101	4.327	-21.095	5.101	4.327	-20.986	10.251	0.000
-20.962	3.634	4.230	-20.962	3.634	4.230	-20.792	8.781	0.000
-20.587	2.183	4.132	-20.587	2.183	4.132	-20.373	7.346	0.000
-20.216	1.231	4.078	-20.217	1.231	4.078	-19.959	6.408	0.000
-19.707	0.322	4.012	-19.708	0.322	4.012	-19.436	5.504	0.000
-19.122	-0.557	3.960	-19.122	-0.557	3.960	-18.802	4.633	0.000
-18.436	-1.428	3.916	-18.436	-1.428	3.916	-18.063	3.809	0.000
-17.674	-2.228	3.852	-17.674	-2.228	3.852	-17.245	3.072	0.000
-16.840	-2.930	3.792	-16.840	-2.930	3.792	-16.359	2.430	0.000
-15.908	-3.505	3.738	-15.908	-3.505	3.738	-15.428	1.890	0.000
-14.949	-4.005	3.704	-14.950	-4.005	3.704	-14.459	1.435	0.000
-13.955	-4.441	3.666	-13.955	-4.441	3.666	-13.467	1.040	0.000
-12.979	-4.890	3.617	-12.979	-4.890	3.617	-12.476	0.679	0.000
-11.970	-5.248	3.586	-11.970	-5.248	3.586	-11.470	0.377	0.000
-10.943	-5.550	3.554	-10.943	-5.550	3.554	-10.448	0.125	0.000
 -9.950	-5.816	3.498	-9.950	-5.816	3.498	-9.429	-0.072	0.000
 -8.941	-5.980	3.458	-8.941	-5.980	3.458	-8.409	-0.202	0.000
 -7.913	-6.090	3.441	-7.913	-6.090	3.441	-7.397	-0.272	0.000
 -6.491	-6.142	3.408	-6.491	-6.142	3.408	-6.002	-0.285	0.000
 -5.203	-6.120	3.381	-5.203	-6.120	3.381	-4.718	-0.238	0.000
 -4.028	-6.067	3.363	-4.029	-6.067	3.363	-3.565	-0.156	0.000
 -2.971	-5.996	3.347	-2.971	-5.996	3.347	-2.551	-0.062	0.000
 -1.778	-5.893	3.335	-1.778	-5.893	3.335	-1.431	0.059	0.000
 -0.680	-5.836	3.320	-0.681	-5.836	3.320	-0.390	0.165	0.000
