point_cloud_registrate_odom_x_y_z	optimizated_odom_x_y_z	gps_x_y_z
0	0	0	1.12492	0.25241	1.77864	0	3.3619e+13	0.00781251
1.1474	-0.0250838	0.00929424	2.26506	0.202361	1.76064	0	0	0
2.37475	-0.0277498	-0.0139372	3.46708	0.181889	1.68953	6.93941e-310	0	0
3.56862	-0.0530707	0.00744287	4.63493	0.139254	1.74759	6.93941e-310	4.44659e-323	7.35189e+223
4.60869	-0.0625298	0.0262486	5.64921	0.115597	1.78255	2.34894e+08	6.94275e-310	7.41098e-323
5.80247	-0.107179	0.0345962	6.81666	0.0550776	1.81803	3.45846e-323	1.6373e-306	1.77864e-322
7.10207	-0.131644	0.0286528	8.0903	0.0139436	1.84116	2.122e-314	4.94066e-324	6.93941e-310
8.48103	-0.190229	0.0127988	9.44286	-0.0617023	1.83463	2.27054e-312	2.31298e-312	2.35542e-312
9.98667	-0.262144	0.0191038	10.922	-0.152001	1.79017	6.93941e-310	6.93941e-310	1.11165e-321
11.0606	-0.3349	0.0278199	11.9695	-0.236712	1.81203	0	0	0
12.1392	-0.384218	0.0288676	13.0222	-0.297479	1.80226	0	0	0
13.2612	-0.43951	0.0164889	14.1185	-0.364152	1.80532	6.9394e-310	0	0
14.4013	-0.488991	0.017292	15.2332	-0.424825	1.7844	6.93941e-310	6.93941e-310	6.93941e-310
15.6007	-0.567407	0.0214056	16.4071	-0.514617	1.81715	0	0	7.35189e+223
16.8155	-0.623469	0.0287271	17.597	-0.581709	1.75123	6.93941e-310	-4616.88	2.2832e+130
18.0774	-0.691005	0.0107599	18.8341	-0.660076	1.60249	0	0	7.35189e+223
19.346	-0.765953	0.0151348	20.0782	-0.745505	1.75377	0	0	0
20.5896	-0.871952	0.0179103	21.2975	-0.861193	1.7707	1.25198e-312	1.29442e-312	1.33686e-312
21.8638	-0.981597	0.0201887	22.5477	-0.980266	1.80262	1.25198e-312	1.29442e-312	1.33686e-312
23.1602	-1.10307	0.0182078	23.8204	-1.1108	1.78694	1	0	0
24.4695	-1.22465	0.0201586	25.1066	-1.24099	1.77808	6.93941e-310	1.59324e+22	8.84527e-150
25.8138	-1.36157	0.0204062	26.4282	-1.38624	1.77927	6.93941e-310	6.24884e+257	-2.34262e+73
27.1712	-1.48509	0.0188261	27.7634	-1.51759	1.76944	0	7.90505e-323	1.97626e-323
28.5289	-1.64051	0.0245208	29.0993	-1.68025	1.7181	1.77864e-322	6.9394e-310	9.53547e-322
29.9028	-1.79416	0.0261935	30.452	-1.84065	1.76734	4.94066e-324	2.16946e-317	6.94288e-310
31.2669	-1.93399	0.0482026	31.7956	-1.98651	1.80657	0	0.996379	-0.0848541
32.6814	-2.0693	0.0521815	33.1901	-2.12757	1.8082	6.93941e-310	4.44659e-323	7.35189e+223
34.0499	-2.20797	0.0542701	34.5393	-2.27114	1.81579	0	0	0
35.4345	-2.36659	0.0650848	35.9051	-2.43409	1.8336	7.35189e+223	6.93941e-310	6.93941e-310
36.7967	-2.50809	0.0716054	37.2492	-2.57922	1.81143	0.997372	0.00800235	0
38.1641	-2.67749	0.0838836	38.599	-2.75163	1.82147	6.9394e-310	27.882	4.77909e-211
39.5237	-2.85805	0.064031	39.9415	-2.93479	1.82394	6.9394e-310	1.28628e-92	-4.67881e+36
40.8645	-3.02694	0.0689539	41.2661	-3.10542	1.85773	1.77864e-322	0	6.9394e-310
42.2168	-3.19644	0.0912368	42.6029	-3.27592	1.82812	0	0	6.94275e-310
43.5539	-3.30957	0.0930365	43.9251	-3.38957	1.80562	0	0	0
44.867	-3.38966	0.0906215	45.224	-3.46958	1.83603	6.93941e-310	-1.06287e+10	-5.42683e+233
46.1892	-3.41217	0.0993371	46.5326	-3.4913	1.84682	6.93941e-310	-5.78397e+133	-7.17629e-110
47.4948	-3.42387	0.107476	47.8252	-3.50161	1.85638	6.93941e-310	1.20954e-312	0
48.7971	-3.38006	0.118333	49.1151	-3.45579	1.82891	0	0	0
50.0995	-3.28398	0.150412	50.4058	-3.35691	1.81735	1.48421e-19	1.6904e+74	3.12597e+214
51.3872	-3.09835	0.167092	51.6819	-3.16811	1.83064	6.9394e-310	4.44659e-323	7.35189e+223
52.6428	-2.8561	0.178274	52.9263	-2.92229	1.81365	7.90505e-323	7.90505e-323	1.97626e-323
53.8429	-2.52303	0.209599	54.1156	-2.58511	1.82087	6.93941e-310	1.75119	18.0773
55.0246	-2.11011	0.245319	55.2866	-2.16768	1.83986	0	0	0
56.1818	-1.62553	0.291461	56.4334	-1.67818	1.87255	6.93941e-310	1.28628e-92	-4.67881e+36
57.2796	-1.07973	0.319751	57.5208	-1.12749	1.85579	0.0902428	-0.0300536	0.0112245
58.3299	-0.448626	0.339863	58.5606	-0.491457	1.79617	6.93941e-310	8.39912e-323	1.4822e-322
59.3054	0.252609	0.352858	59.5255	0.214579	1.81367	0	6.93941e-310	0
60.1817	1.05517	0.358996	60.391	1.02163	1.80692	0	0	0
60.9669	1.93382	0.356105	61.1653	1.90442	1.77843	9.53547e-322	6.93606e-310	6.93606e-310
61.6576	2.86382	0.347384	61.8449	2.83814	1.74928	6.93941e-310	-4.89777e-39	1.80076e-186
62.2306	3.86739	0.377118	62.4073	3.84514	1.74955	0	0	0
62.7388	4.93777	0.420634	62.905	4.91874	1.73562	0	0	0
63.1466	6.01433	0.441999	63.3023	5.99784	1.75124	1.77864e-322	0	0
63.4501	7.12401	0.429755	63.5952	7.1093	1.72882	6.9394e-310	-5.78397e+133	-7.17629e-110
63.6199	8.244	0.454523	63.7552	8.23051	1.78355	6.9394e-310	0	1.31139e-311
63.7609	9.34503	0.466666	63.8867	9.33254	1.77897	3.37397e-312	6.94275e-310	1.97626e-323
63.8992	10.4568	0.485872	64.0159	10.4454	1.75745	0	0	0
64.0145	11.543	0.495169	64.1225	11.5324	1.77794	7.95446e-322	6.93941e-310	6.93941e-310
64.0692	12.6638	0.500617	64.1689	12.6536	1.75632	9.53547e-322	6.93941e-310	6.93941e-310
64.0841	13.78	0.533257	64.1759	13.7701	1.81469	6.9394e-310	-1.87374e+06	-6.16789e-31
64.0907	14.8779	0.542001	64.1751	14.8683	1.80281	0	0	0
64.1278	15.9778	0.550252	64.2051	15.9685	1.78108	0	0	0
64.1646	17.0834	0.568441	64.2352	17.0744	1.82	6.93941e-310	4.44659e-323	7.35189e+223
64.1817	18.1912	0.589735	64.2461	18.1826	1.84869	1.70957e-316	1.70957e-316	0
64.2124	19.3032	0.588505	64.2707	19.2948	1.82944	0	0	1.33686e-312
64.2328	20.444	0.598614	64.2854	20.4359	1.82023	1.69277e-278	6.67622e-283	1.93283e-146
64.2504	21.6096	0.606941	64.2975	21.6016	1.81783	3334.14	3250.27	2797.29
64.2989	22.7633	0.60144	64.341	22.7557	1.7771	0	0	0
64.3339	23.9067	0.586467	64.3712	23.8993	1.79893	6.93941e-310	6.67622e-283	1.93283e-146
64.3912	25.0561	0.592941	64.4241	25.049	1.81991	4.94066e-324	8.41916e-318	6.94288e-310
64.4492	26.1923	0.59032	64.4781	26.1856	1.805	1.97626e-323	9.07113e-315	7.35189e+223
64.5033	27.3232	0.584738	64.5286	27.3167	1.77915	1.70957e-316	1.70957e-316	70.9387
64.5877	28.4541	0.586774	64.6096	28.4479	1.80723	0	0	2.122e-314
64.6682	29.5876	0.592679	64.6869	29.5818	1.81519	1	6.93941e-310	6.93941e-310
64.7547	30.7271	0.591655	64.7705	30.7217	1.81088	0	0	0
64.8299	31.8488	0.551549	64.8432	31.8436	1.77719	0	6.93941e-310	3.45846e-323
64.9337	32.9514	0.532037	64.9447	32.9466	1.77423	4.94066e-324	8.09537e-318	6.94288e-310
64.9907	34.0537	0.542955	64.9996	34.049	1.7734	6.93941e-310	4.44659e-323	7.35189e+223
65.0831	35.167	0.549326	65.0902	35.1626	1.8401	6.94275e-310	1.60433e+09	0.0078125
65.1643	36.268	0.526357	65.1697	36.2638	1.81947	0.995096	0.000722791	0
65.263	37.3385	0.492321	65.2669	37.3346	1.78377	0	0	0
65.385	38.4016	0.466329	65.3876	38.398	1.79621	0	0	0
65.5006	39.4523	0.451107	65.5022	39.4489	1.78432	7.90505e-323	7.90505e-323	1.97626e-323
65.5986	40.4913	0.440455	65.5992	40.4881	1.78412	6.93451e-310	6.93451e-310	6.93451e-310
65.7063	41.5293	0.432523	65.7061	41.5263	1.80177	1	6.9394e-310	6.9394e-310
65.8143	42.5638	0.425068	65.8134	42.5609	1.80402	1	0	0
65.9349	43.6024	0.394615	65.9333	43.5997	1.80704	4.94066e-324	1.65139e-317	6.94288e-310
66.0266	44.6285	0.382543	66.0246	44.6258	1.79915	4.94066e-324	1.58664e-317	6.94288e-310
66.1278	45.6304	0.374988	66.1254	45.6278	1.8187	6.93941e-310	4.44659e-323	7.35189e+223
66.2244	46.6496	0.379631	66.2217	46.6472	1.83027	-0.0768994	-0.0246209	-0.996735
66.2916	47.6871	0.387067	66.2887	47.6847	1.85602	1.30227e-310	1.30354e-310	1.30354e-310
66.3761	48.7184	0.364646	66.3729	48.716	1.84369	1.25198e-312	1.29442e-312	1.33686e-312
66.4561	49.7442	0.357913	66.4528	49.7418	1.83957	2.86469e-312	2.90713e-312	2.94957e-312
66.5428	50.7797	0.352675	66.5395	50.7773	1.87499	0	0	0
66.634	51.8227	0.335583	66.6305	51.8203	1.83347	4.94066e-324	5.97819e-322	6.94288e-310
66.7046	52.8648	0.336219	66.7012	52.8623	1.87624	0	5.27554e-315	8.74496e-322
66.7867	53.907	0.325752	66.7833	53.9045	1.85525	6.93941e-310	6.24884e+257	-2.34262e+73
66.8641	54.9546	0.319296	66.8607	54.9519	1.86334	0	0	0
66.9383	56.0112	0.32895	66.9351	56.0087	1.88424	0	0	0
67.0196	57.0723	0.322026	67.0165	57.0696	1.84404	2.86469e-312	2.90713e-312	2.94957e-312
67.1029	58.1255	0.313179	67.0999	58.1226	1.81975	1.26975e-321	6.93941e-310	6.93941e-310
67.193	59.1829	0.319996	67.1901	59.1801	1.83542	0	0	0
67.2836	60.2505	0.326301	67.2809	60.2477	1.83498	0	0	0
67.3629	61.3161	0.344229	67.3606	61.3134	1.8491	6.9394e-310	2.122e-314	6.9394e-310
67.4572	62.379	0.35125	67.4552	62.3764	1.84172	6.9394e-310	0.140593	0.158903
67.5447	63.4426	0.36824	67.543	63.4401	1.82792	0	7.90505e-323	1.97626e-323
67.6359	64.5006	0.381882	67.6345	64.4981	1.8423	6.9394e-310	4.44659e-323	7.35189e+223
67.7337	65.5472	0.397898	67.7326	65.5449	1.83846	6.9394e-310	4.44659e-323	7.35189e+223
67.8228	66.591	0.421542	67.8222	66.5889	1.83751	0	0	0
67.9216	67.633	0.409435	67.921	67.6306	1.81586	1.25198e-312	1.29442e-312	1.33686e-312
68.0109	68.6725	0.418856	68.0107	68.6701	1.82636	-3.13823e-291	1.97047e-151	-7.0844e-224
68.0999	69.7028	0.412468	68.0998	69.7001	1.79934	6.9394e-310	7.07632e+161	-1.24869e-274
68.1813	70.7316	0.40477	68.1814	70.7287	1.7997	-0.468566	0.584441	-0.662476
68.2892	71.7609	0.427285	68.2896	71.7582	1.80713	0	1.26481e-321	1.77864e-322
68.3916	72.765	0.402655	68.3921	72.7618	1.77227	0	0	0
68.4728	73.7707	0.407498	68.4735	73.7674	1.7909	0	0	0
68.6351	75.2521	0.39387	68.636	75.2484	1.79031	0	0	0
68.7574	76.7174	0.406246	68.7586	76.7137	1.80755	3.03445e-312	3.07689e-312	3.11933e-312
68.8959	78.161	0.421695	68.8974	78.1573	1.821	6.9394e-310	1.26481e-321	8.89318e-322
69.0298	79.5912	0.42467	69.0316	79.5873	1.81066	6.9394e-310	6.9394e-310	6.9394e-310
69.1567	80.9986	0.426755	69.1588	80.9945	1.81338	6.9394e-310	0	348000
69.2964	82.3726	0.429841	69.2987	82.3683	1.82377	4.44659e-323	1.49005e+195	5.38532e-322
69.4317	83.7241	0.416271	69.4343	83.7193	1.79981	6.9394e-310	5.1895e+65	-1.01419e-165
69.5736	85.0588	0.433487	69.5765	85.054	1.81445	6.9394e-310	6.9394e-310	6.9394e-310
69.702	86.3655	0.446663	69.7053	86.3607	1.82336	6.9394e-310	-5.78397e+133	-7.17629e-110
69.8351	87.6782	0.463311	69.8386	87.6734	1.81603	4.94066e-322	0	6.9394e-310
69.9647	88.9852	0.462485	69.9685	88.98	1.77241	0	0	0
70.096	90.2968	0.484285	70.1001	90.2917	1.76406	0	0	0
70.1663	91.6323	0.545868	70.1707	91.6283	1.81011	0.998669	0.00850308	0
70.2258	92.9816	0.603102	70.2307	92.9787	1.83299	1.25198e-312	1.29442e-312	1.33686e-312
70.2381	94.3532	0.647665	70.2434	94.351	1.83565	-0.10102	0.00818151	0
70.26	95.7244	0.674311	70.2655	95.7224	1.82598	0	0	0
70.2772	97.1055	0.716487	70.2831	97.1042	1.8265	0	0	0
70.3048	98.4893	0.771383	70.311	98.489	1.82064	6.9394e-310	8.39912e-323	1.4822e-322
70.306	99.8867	0.800628	70.3125	99.8866	1.80961	4.94066e-324	6.9394e-310	6.9394e-310
70.3079	101.288	0.826206	70.3147	101.288	1.78957	4.94066e-324	6.94275e-310	2.6189e+71
70.3429	102.703	0.872061	70.35	102.704	1.79864	6.9394e-310	0	1.11303e-319
70.382	104.113	0.92702	70.3895	104.115	1.80085	6.9394e-310	4.44659e-323	7.35189e+223
70.4701	105.538	0.976537	70.4779	105.541	1.81086	0	0	0
70.5651	106.98	1.04632	70.5733	106.984	1.79891	1.25198e-312	1.29442e-312	1.33686e-312
70.6999	108.427	1.10554	70.7084	108.433	1.80698	1	0	0
70.871	109.887	1.14826	70.8798	109.893	1.76326	6.9394e-310	0	1.13833e-319
71.0467	111.365	1.23506	71.056	111.373	1.82414	6.93935e-310	6.9394e-310	4.94066e-324
71.1744	112.357	1.28917	71.184	112.366	1.8322	1	0	0
71.2993	113.848	1.33992	71.3092	113.859	1.81778	0	0	0
71.4752	115.33	1.38093	71.4852	115.341	1.75848	0	-0.993087	0.116769
71.5644	116.327	1.43043	71.5747	116.339	1.78499	0	0	0
71.6545	117.338	1.48318	71.6652	117.351	1.79155	0	0	2.122e-314
71.7905	118.818	1.56322	71.8017	118.833	1.78911	0	0	2.122e-314
71.8671	119.818	1.61709	71.8787	119.835	1.78963	1	0	0
71.9475	120.816	1.66403	71.9593	120.834	1.78932	1.25198e-312	1.29442e-312	1.33686e-312
72.0651	122.295	1.75037	72.0776	122.316	1.81491	9.53547e-322	6.9394e-310	6.9394e-310
72.173	123.767	1.8201	72.1858	123.789	1.7685	1.75701e-311	0	0
72.2902	125.247	1.91496	72.3039	125.272	1.78309	0	0	0
72.4064	126.691	1.99867	72.4207	126.718	1.77701	0	0	0
72.505	128.13	2.10585	72.5204	128.16	1.83024	6.9394e-310	6.24884e+257	-2.34262e+73
72.538	129.562	2.19786	72.5543	129.595	1.85509	3.03445e-312	3.07689e-312	3.11933e-312
72.4523	130.96	2.30613	72.4698	130.998	1.85005	-0.0801603	-0.00583978	-0.996765
72.2719	132.321	2.37874	72.29	132.361	1.83153	0.994439	0.0027859	0
72.0061	133.632	2.4669	72.0252	133.674	1.85784	1.69277e-278	6.67622e-283	1.93283e-146
71.6354	134.909	2.53746	71.6551	134.953	1.86553	0	0	0
71.1391	136.138	2.59701	71.1592	136.184	1.8607	0	0	0
70.5086	137.322	2.64918	70.5291	137.369	1.85525	6.9394e-310	4.13208e-19	6.40828e-19
69.7222	138.478	2.69643	69.7429	138.527	1.87608	4.94066e-324	6.9394e-310	6.9394e-310
68.8411	139.554	2.71245	68.8615	139.602	1.8466	6.9394e-310	-5.78397e+133	-7.17629e-110
67.8118	140.533	2.72126	67.8318	140.58	1.78355	0	0	0
66.6957	141.432	2.74235	66.7157	141.479	1.7941	0	0	0
65.4948	142.231	2.7831	65.5154	142.28	1.80931	0.998741	0.0105907	0
64.2115	142.954	2.80395	64.2322	143.004	1.8016	3.54373e-312	3.58617e-312	3.62861e-312
62.8667	143.562	2.79141	62.8869	143.61	1.8198	-3.13823e-291	1.97047e-151	-7.0844e-224
61.4776	144.023	2.7856	61.4977	144.071	1.8141	0.994204	0.00130883	0
60.5056	144.316	2.7717	60.5254	144.363	1.78408	0.993733	9.20049e-05	0
59.4991	144.544	2.76393	59.5187	144.591	1.85896	1	0	0
58.5019	144.688	2.72951	58.5208	144.733	1.79775	4.94066e-324	8.09537e-318	6.94288e-310
57.4849	144.88	2.66242	57.5022	144.92	1.68278	-836.161	9.48606e-322	1.77864e-322
56.4766	144.973	2.6499	56.4939	145.013	1.70045	6.9394e-310	6.67622e-283	1.93283e-146
55.4188	145.091	2.65569	55.4365	145.132	1.78835	1.69277e-278	6.67622e-283	1.93283e-146
54.3274	145.219	2.65412	54.3452	145.26	1.82323	4.94066e-324	6.94275e-310	6.94288e-310
53.2618	145.303	2.61389	53.2788	145.342	1.72872	6.9394e-310	4.44659e-323	7.35189e+223
52.1916	145.389	2.59242	52.2084	145.427	1.72585	0	0	2.122e-314
51.1133	145.489	2.58814	51.1302	145.528	1.78081	4.15015e-322	0	6.9394e-310
50.0197	145.568	2.55068	50.0359	145.605	1.76454	6.9394e-310	6.9394e-310	6.9394e-310
48.9337	145.637	2.51589	48.9494	145.672	1.74256	6.9394e-310	-1.2251e+202	-5.26913e-87
47.8359	145.698	2.48395	47.851	145.731	1.7192	6.9394e-310	0	0
46.7074	145.758	2.46659	46.7223	145.791	1.7791	0.147377	0.558522	-0.816293
45.5673	145.825	2.43642	45.5818	145.856	1.75204	0.993733	9.20071e-05	0
44.4052	145.913	2.41167	44.4194	145.944	1.74388	0	0	0
43.2233	145.973	2.39484	43.2374	146.003	1.74209	1.69277e-278	6.67622e-283	1.93283e-146
42.0246	146.051	2.38549	42.0386	146.081	1.70995	1	0	0
40.7939	146.147	2.37286	40.808	146.177	1.76508	6.9394e-310	4.44659e-323	7.35189e+223
39.5593	146.253	2.34191	39.5728	146.282	1.78115	6.9394e-310	4.25616e+09	1.81713e+165
38.3184	146.371	2.32371	38.3318	146.399	1.80425	0	0	0
37.063	146.481	2.30138	37.0762	146.508	1.77014	0	0	0
35.8198	146.605	2.27989	35.8326	146.632	1.77292	0	0	0
34.5693	146.727	2.25984	34.5819	146.752	1.77967	0	0	0
33.3179	146.856	2.22315	33.33	146.88	1.76595	5.2865e-322	8.82665e-310	6.93606e-310
32.062	146.999	2.18952	32.0737	147.021	1.76757	7.68353e-310	7.68353e-310	7.68481e-310
30.7944	147.122	2.17529	30.806	147.144	1.77263	3.03445e-312	3.07689e-312	3.11933e-312
29.5163	147.241	2.1358	29.5273	147.261	1.73839	6.9394e-310	1.645e-216	2.05781e+124
28.2295	147.351	2.11325	28.2404	147.37	1.73646	1	0	0
26.9298	147.473	2.09694	26.9405	147.491	1.76875	0	0.10527	0.99444
25.6085	147.595	2.08671	25.6192	147.614	1.80235	6.9394e-310	6.9394e-310	6.9394e-310
24.2807	147.724	2.084	24.2914	147.743	1.81728	6.9394e-310	2.25887e-320	2.25788e-320
22.9342	147.845	2.07438	22.9449	147.865	1.81873	-0.690188	-0.71704	0.0974359
21.5791	147.978	2.07809	21.59	147.999	1.85841	0	0	0
20.2168	148.085	2.06471	20.2276	148.106	1.86062	0	0	0
18.8533	148.197	2.03953	18.8639	148.217	1.82323	0	0	0
17.4751	148.314	2.01599	17.4857	148.333	1.7943	6.94288e-310	963361	0.0078125
16.0986	148.423	2.0025	16.1091	148.442	1.78028	0	0	0
14.716	148.53	2.00491	14.7266	148.55	1.79245	0	0	0
13.3443	148.612	2.00469	13.355	148.634	1.78298	1.77864e-322	6.9394e-310	1.59071e-314
11.9716	148.69	2.00227	11.9823	148.713	1.77084	4.94066e-324	4.85746e-318	6.94288e-310
10.6077	148.766	1.98157	10.6184	148.788	1.7437	6.9394e-310	6.9394e-310	6.9394e-310
9.23397	148.807	1.98521	9.24469	148.83	1.80199	6.9394e-310	6.24884e+257	-2.34262e+73
7.85892	148.843	1.96675	7.86965	148.867	1.77632	-0.614044	0.272363	-0.740789
6.50168	148.872	1.95264	6.51244	148.896	1.74887	3.12597e+214	7.51984e+212	4.45525e-242
5.14477	148.862	1.94678	5.1555	148.887	1.73865	1.69277e-278	6.67622e-283	1.93283e-146
3.79211	148.875	1.94934	3.80283	148.901	1.74859	1.69277e-278	6.67622e-283	1.93283e-146
2.43896	148.923	1.94832	2.44972	148.95	1.74564	6.93283e-310	0	0
1.13743	148.887	1.9802	1.14797	148.918	1.77907	0	0	2.122e-314
-0.196614	148.893	2.05271	-0.186473	148.93	1.81621	6.9394e-310	-1.2251e+202	-5.26913e-87
-1.51165	148.913	2.0454	-1.50146	148.951	1.81867	6.9394e-310	1.97346e-312	0
-2.78173	148.928	2.04621	-2.77154	148.968	1.84379	6.93606e-310	1.58101e-322	3.35965e-322
-4.03986	148.949	2.055	-4.02973	148.991	1.86992	0	0	2.122e-314
-5.27497	148.975	2.06234	-5.26486	149.018	1.84626	0	0	0
-6.49829	148.995	2.08959	-6.48841	149.041	1.8577	0	0	0
-7.71043	149.024	2.10568	-7.70065	149.072	1.86167	1	0	0
-8.87884	149.045	2.13063	-8.86928	149.096	1.87408	7.41098e-323	2.21341e-321	4.94066e-322
-10.0298	149.068	2.12546	-10.0201	149.12	1.83537	0.0978889	-0.00498079	0
-11.1602	149.04	2.15481	-11.1509	149.095	1.83572	0	1.66006e-321	1.77864e-322
-12.2791	148.951	2.16571	-12.2701	149.008	1.83275	0.994447	0.00278596	0
-13.3778	148.796	2.16286	-13.369	148.854	1.81138	-0.00523491	0.999983	0
-14.4465	148.567	2.16894	-14.4382	148.627	1.80693	6.9394e-310	6.9394e-310	0
-15.4838	148.247	2.16594	-15.476	148.309	1.78986	1.60666e-314	6.93283e-310	6.93283e-310
-16.4638	147.828	2.15135	-16.4566	147.891	1.79616	0	0	0
-17.395	147.292	2.14267	-17.3886	147.356	1.81921	1	0	0
-18.2583	146.66	2.11347	-18.2527	146.725	1.82031	1	0	0
-19.0396	145.94	2.0678	-19.0346	146.004	1.81798	6.9394e-310	58.3321	0
-19.7242	145.125	2.01046	-19.7199	145.188	1.7947	6.9394e-310	1.28628e-92	-4.67881e+36
-20.3025	144.209	1.96338	-20.2993	144.271	1.79253	4.55331e-320	0	0
-20.7551	143.234	1.91611	-20.753	143.295	1.79331	1	0	0
-21.1141	142.216	1.86579	-21.113	142.277	1.7849	6.9394e-310	5.21733e-321	8.89318e-322
-21.4289	141.159	1.80601	-21.4289	141.219	1.79544	0	0	0
-21.6193	140.035	1.75176	-21.6204	140.094	1.78444	0	0	0
-21.7291	138.882	1.69876	-21.7314	138.94	1.77701	1	0	0
-21.8154	137.71	1.61692	-21.8187	137.765	1.75787	6.9394e-310	5.21733e-321	8.89318e-322
-21.8817	136.519	1.5421	-21.8859	136.572	1.80508	0	0	0
-21.9331	135.294	1.47397	-21.9384	135.345	1.82012	0	0	0
-21.9797	134.035	1.38404	-21.9859	134.083	1.86822	1.97626e-323	1.97626e-323	1.97626e-323
-21.9776	132.739	1.29664	-21.9846	132.785	1.83238	0	0	0
-21.9718	131.422	1.18238	-21.9795	131.464	1.82152	0	0	0
-21.9946	130.079	1.0942	-22.0032	130.118	1.80237	0	0	0
-22.0273	128.713	0.998613	-22.0367	128.749	1.79749	0	0	0
-22.0589	127.317	0.892439	-22.069	127.349	1.79035	6.9394e-310	-347212	3.25405e-187
-22.071	126.609	0.842582	-22.0815	126.64	1.76211	6.9394e-310	-2.14895e-204	3.41993e-130
-22.1078	125.176	0.75012	-22.1189	125.205	1.77311	0	0	0
-22.1497	123.717	0.656771	-22.1614	123.743	1.74952	6.93451e-310	4.44659e-323	7.35189e+223
-22.1931	122.229	0.572206	-22.2054	122.253	1.7591	6.93026e-320	5.35025e-315	8.43518e-320
-22.2419	120.702	0.487654	-22.2546	120.723	1.7656	0	0	0
-22.287	119.159	0.40177	-22.3001	119.179	1.76442	1.25198e-312	1.29442e-312	1.33686e-312
-22.3312	117.594	0.300779	-22.3446	117.611	1.72615	1.58804e-314	3.16202e-322	1.77864e-322
-22.3854	116.001	0.225	-22.3989	116.016	1.73957	6.9394e-310	8.89919e+82	2.39253e-255
-22.4475	114.384	0.127351	-22.4611	114.397	1.75526	1.4822e-323	1.03978e-312	0
-22.5245	112.75	0.0264818	-22.5383	112.76	1.76512	0	0	0
-22.6059	111.116	-0.0757008	-22.6196	111.124	1.73945	1.69277e-278	6.67622e-283	1.93283e-146
-22.6767	109.462	-0.175135	-22.6902	109.467	1.72027	0	0	1.33686e-312
-22.7491	107.798	-0.257576	-22.7622	107.801	1.77947	0	0	1.33686e-312
-22.8157	106.13	-0.328118	-22.8282	106.133	1.79625	1.77864e-322	6.9394e-310	1.5905e-314
-22.8931	104.443	-0.412805	-22.905	104.444	1.83126	0.998672	0.00850308	0
-22.9755	102.753	-0.482174	-22.9863	102.754	1.82333	0	0	0
-23.0649	101.052	-0.571677	-23.075	101.051	1.79882	0	0	0
-23.1611	99.3553	-0.656369	-23.1704	99.3529	1.84601	5.58294e-322	6.93283e-310	6.93283e-310
-23.2553	97.6485	-0.735124	-23.2635	97.645	1.8389	0.995101	0.000725003	0
-23.3475	95.9098	-0.827887	-23.3548	95.9045	1.81002	0	0	0
-23.4497	94.1706	-0.908296	-23.4558	94.1644	1.83549	0	0	0
-23.5599	92.4174	-0.995262	-23.5651	92.4098	1.83961	2.2832e+130	-5.78397e+133	-7.17629e-110
-23.6812	90.6641	-1.11471	-23.6861	90.6534	1.85849	0	0	0
-23.7941	88.8847	-1.21703	-23.7983	88.872	1.85278	0	0	1.33686e-312
-23.901	87.1071	-1.33075	-23.905	87.0918	1.82343	0	0	0
-24.0013	85.3308	-1.42596	-24.0047	85.3139	1.82828	0.995101	0.000725002	0
-24.0991	83.5391	-1.55118	-24.1029	83.5191	1.78295	4.44659e-323	7.70201e+218	6.9394e-310
-24.2104	81.7197	-1.66104	-24.2143	81.6976	1.77078	1.25198e-312	1.29442e-312	1.33686e-312
-24.3146	79.8937	-1.80502	-24.3199	79.8676	1.74663	1	0	0
-24.4097	78.0912	-1.93339	-24.4162	78.0621	1.72254	1.25198e-312	1.29442e-312	1.33686e-312
-24.4952	76.2809	-2.01339	-24.5018	76.2514	1.75876	6.9394e-310	-347212	3.25405e-187
-24.5754	74.4854	-2.09864	-24.5828	74.4552	1.79184	4.90181e-312	4.94425e-312	4.98669e-312
-24.6653	72.6737	-2.17087	-24.6735	72.6437	1.82083	6.94288e-310	1.4854e-313	4.94066e-324
-24.7425	70.8571	-2.24892	-24.7521	70.827	1.84381	0.0284823	-0.00464302	0
-24.8235	69.0509	-2.37043	-24.8366	69.0186	1.77695	6.9394e-310	4.44659e-323	7.35189e+223
-24.9212	67.2592	-2.45568	-24.9372	67.2266	1.80155	2.0692e-319	2.0692e-319	1.4822e-323
-25.0105	65.4629	-2.52312	-25.0295	65.431	1.80933	0	0	0
-25.122	63.637	-2.61038	-25.1455	63.605	1.87099	2.21835e-321	6.9394e-310	6.9394e-310
-25.2308	61.8458	-2.7195	-25.2604	61.8127	1.81896	6.85246e-262	-1.2251e+202	-5.26913e-87
-25.3551	60.03	-2.77795	-25.39	59.9985	1.83661	2.75379e-55	3.39817e+157	-3.50778e-40
-25.4871	58.2391	-2.89411	-25.5301	58.2067	1.81453	0	0	0
-25.6133	56.4364	-2.95783	-25.6639	56.4056	1.79922	0	0	0
-25.747	54.6424	-3.04779	-25.8072	54.6121	1.76142	0	0	0
-25.9054	52.8495	-3.09211	-25.9749	52.8222	1.84227	1	0	0
-26.0477	51.0712	-3.205	-26.13	51.0438	1.81035	6.9394e-310	1.75375	20.5901
-26.1848	49.2908	-3.2555	-26.2791	49.2663	1.83929	6.9394e-310	1.4854e-313	4.94066e-324
-26.32	47.532	-3.3406	-26.4288	47.509	1.7846	0	6.9394e-310	5.58294e-322
-26.4574	45.7647	-3.41009	-26.5819	45.7439	1.79031	0	0	0
-26.5896	44.0201	-3.48905	-26.7313	44.0014	1.80411	0.0329153	0.00276584	0
-26.7062	42.2818	-3.56952	-26.8668	42.2653	1.76804	0	0	2.122e-314
-26.8357	40.5415	-3.6273	-27.016	40.5282	1.79973	0	0	1
-26.9539	38.8123	-3.69877	-27.1561	38.8018	1.7862	0	0	1
-27.0553	37.0846	-3.77291	-27.2811	37.0768	1.77239	6.93606e-310	2.21536e-311	2.24083e-311
-27.1505	35.3616	-3.83637	-27.4012	35.357	1.8049	0	7.90505e-323	1.97626e-323
-27.204	33.6766	-3.93509	-27.4823	33.6734	1.75292	7.90505e-323	7.90505e-323	1.97626e-323
-27.2414	31.9807	-3.96513	-27.5467	31.9814	1.81423	48.8107	-111.607	5.88827
-27.2697	30.2922	-4.02782	-27.6047	30.2957	1.82162	6.9394e-310	0	0
-27.2525	28.6427	-4.11745	-27.6195	28.647	1.78734	0	0	0
-27.1951	27.0245	-4.17156	-27.594	27.0304	1.80238	0	6.93606e-310	6.93606e-310
-27.0857	25.3975	-4.22136	-27.5183	25.4044	1.81489	6.9394e-310	-4.03129e-194	9.78126e+194
-26.9214	23.8063	-4.28688	-27.3892	23.8124	1.8129	1.69277e-278	6.67622e-283	1.93283e-146
-26.6813	22.2426	-4.30957	-27.184	22.248	1.85975	6.9394e-310	1.97047e-151	-7.0844e-224
-26.3783	20.7218	-4.34498	-26.9171	20.7248	1.86345	1.70957e-316	1.70957e-316	6.94288e-310
-26.0439	19.1891	-4.38629	-26.6207	19.1887	1.9007	7.41098e-323	1.26481e-321	5.73116e-322
-25.6616	17.7118	-4.44353	-26.2772	17.7064	1.84415	2.10078e-312	2.14322e-312	2.18566e-312
-25.1824	16.2629	-4.51003	-25.8379	16.25	1.72122	6.9394e-310	6.38721e-312	6.42965e-312
-24.6552	14.8603	-4.55323	-25.3501	14.8396	1.69466	0	0	0
-24.0955	13.5392	-4.57259	-24.8284	13.5106	1.73199	1.77864e-322	0	0
-23.4294	12.2614	-4.57831	-24.2	12.2229	1.84013	5.40826e+153	1.645e-216	2.05781e+124
-22.6962	11.0295	-4.59989	-23.5051	10.9791	1.83736	6.9394e-310	-5.66149e+07	0
-21.9063	9.89828	-4.62322	-22.7522	9.83461	1.80095	6.9394e-310	3.76018e-311	3.76442e-311
-21.0844	8.81117	-4.6569	-21.9674	8.73341	1.69293	-3.13823e-291	1.97047e-151	-7.0844e-224
-20.1452	7.83993	-4.65455	-21.0624	7.7465	1.68001	3.54373e-312	3.58617e-312	3.62861e-312
-19.1651	6.87983	-4.62484	-20.1162	6.77065	1.71052	1.63042e-322	6.9394e-310	6.9394e-310
-18.1796	6.05379	-4.63263	-19.1634	5.9281	1.64881	1.79769e+308	0	0
-17.1403	5.31874	-4.5987	-18.1542	5.17658	1.63669	6.9394e-310	4.44659e-323	7.35189e+223
-16.0227	4.58883	-4.58475	-17.0678	4.42857	1.67865	6.9394e-310	4.44659e-323	7.35189e+223
-14.967	3.95965	-4.57928	-16.0419	3.78277	1.63815	1	0	0
-13.8848	3.35552	-4.54975	-14.9888	3.16242	1.64723	0	0	0
-12.8081	2.83744	-4.52223	-13.9399	2.62867	1.61054	0	0	0
-11.6993	2.33076	-4.49641	-12.8591	2.10627	1.56769	6.9394e-310	6.9394e-310	6.9394e-310
-10.5933	2.00617	-4.46246	-11.7782	1.76673	1.60804	0	0	0
-9.4833	1.68758	-4.44246	-10.6939	1.43353	1.64303	6.9394e-310	4.44659e-323	7.35189e+223
-8.43955	1.39129	-4.41306	-9.67556	1.12451	1.65099	6.9394e-310	0	1.665e-321
-7.42279	1.1445	-4.38451	-8.68377	0.866017	1.63831	0	0	0
-6.43358	0.981183	-4.35275	-7.71854	0.692082	1.61513	6.93941e-310	5.21733e-321	8.89318e-322
-4.99798	0.881144	-4.28719	-6.30556	0.576438	1.63035	0	0	0
-3.6216	0.797015	-4.23665	-4.9524	0.478131	1.63948	0	0	0
-2.43626	0.723016	-4.1842	-3.79028	0.39332	1.74854	0	0	0
-1.38701	0.664063	-4.14784	-2.76482	0.325549	1.79237	8.74496e-322	6.9394e-310	6.9394e-310
-0.126481	0.624975	-4.09366	-1.52763	0.2763	1.83862	0	0	0
0.922512	0.627929	-4.0399	-0.501644	0.272156	1.85309	0	0	0
1.95563	0.612432	-3.99789	0.507641	0.249991	1.83294	6.9394e-310	-347212	3.25405e-187
2.97482	0.587588	-3.95853	1.52108	0.211249	1.852	6.9394e-310	8.39912e-323	1.4822e-322
