point_cloud_registrate_odom_x_y_z	optimizated_odom_x_y_z
0	0	0	0.977788	0.214532	1.77857
1.1474	-0.0250838	0.00929424	2.123	0.165582	1.76063
2.37475	-0.0277498	-0.0139372	3.34281	0.144044	1.68953
3.56862	-0.0530707	0.00744287	4.52855	0.100309	1.74759
4.60869	-0.0625298	0.0262486	5.56075	0.0754443	1.78255
5.80247	-0.107179	0.0345962	6.74618	0.0138425	1.81803
7.10207	-0.131644	0.0286528	8.03775	-0.0282793	1.84116
8.48103	-0.190229	0.0127988	9.40823	-0.104827	1.83463
9.98667	-0.262144	0.0191038	10.9052	-0.195898	1.79017
11.0606	-0.3349	0.0278199	11.9704	-0.281648	1.81202
12.1392	-0.384218	0.0288676	13.0408	-0.343405	1.80226
13.2612	-0.43951	0.0164889	14.1544	-0.410986	1.80532
14.4013	-0.488991	0.017292	15.2863	-0.472499	1.7844
15.6007	-0.567407	0.0214056	16.4773	-0.56302	1.81715
16.8155	-0.623469	0.0287271	17.6838	-0.630762	1.75123
18.0774	-0.691005	0.0107599	18.9374	-0.709662	1.60249
19.346	-0.765953	0.0151348	20.1977	-0.795533	1.75377
20.5896	-0.871952	0.0179103	21.4328	-0.911598	1.77069
21.8638	-0.981597	0.0201887	22.6986	-1.03093	1.80262
23.1602	-1.10307	0.0182078	23.9865	-1.1616	1.78694
24.4695	-1.22465	0.0201586	25.2875	-1.29181	1.77808
25.8138	-1.36157	0.0204062	26.6235	-1.43693	1.77927
27.1712	-1.48509	0.0188261	27.9728	-1.56803	1.76944
28.5289	-1.64051	0.0245208	29.3224	-1.73034	1.7181
29.9028	-1.79416	0.0261935	30.6883	-1.89026	1.76734
31.2669	-1.93399	0.0482026	32.0447	-2.03553	1.80657
32.6814	-2.0693	0.0521815	33.4515	-2.17583	1.8082
34.0499	-2.20797	0.0542701	34.8125	-2.31857	1.81579
35.4345	-2.36659	0.0650848	36.1898	-2.48055	1.8336
36.7967	-2.50809	0.0716054	37.5447	-2.62462	1.81143
38.1641	-2.67749	0.0838836	38.9051	-2.79584	1.82147
39.5237	-2.85805	0.064031	40.2576	-2.9777	1.82394
40.8645	-3.02694	0.0689539	41.5917	-3.14693	1.85773
42.2168	-3.19644	0.0912368	42.9376	-3.3159	1.82812
43.5539	-3.30957	0.0930365	44.2683	-3.4279	1.80562
44.867	-3.38966	0.0906215	45.5751	-3.50621	1.83603
46.1892	-3.41217	0.0993371	46.8911	-3.52607	1.84682
47.4948	-3.42387	0.107476	48.1905	-3.53441	1.85638
48.7971	-3.38006	0.118333	49.4866	-3.4865	1.82891
50.0995	-3.28398	0.150412	50.783	-3.38538	1.81735
51.3872	-3.09835	0.167092	52.0642	-3.19422	1.83064
52.6428	-2.8561	0.178274	53.3129	-2.94595	1.81365
53.8429	-2.52303	0.209599	54.506	-2.60627	1.82087
55.0246	-2.11011	0.245319	55.68	-2.18622	1.83986
56.1818	-1.62553	0.291461	56.8292	-1.69397	1.87255
57.2796	-1.07973	0.319751	57.9183	-1.1405	1.85579
58.3299	-0.448626	0.339863	58.959	-0.501645	1.79617
59.3054	0.252609	0.352858	59.9242	0.207186	1.81367
60.1817	1.05517	0.358996	60.7891	1.01689	1.80692
60.9669	1.93382	0.356105	61.562	1.9022	1.77843
61.6576	2.86382	0.347384	62.2396	2.83826	1.74927
62.2306	3.86739	0.377118	62.7991	3.8473	1.74955
62.7388	4.93777	0.420634	63.2931	4.92279	1.73562
63.1466	6.01433	0.441999	63.6862	6.00345	1.75124
63.4501	7.12401	0.429755	63.9743	7.11609	1.72882
63.6199	8.244	0.454523	64.1289	8.23791	1.78355
63.7609	9.34503	0.466666	64.2545	9.34043	1.77897
63.8992	10.4568	0.485872	64.3774	10.4538	1.75745
64.0145	11.543	0.495169	64.4774	11.5412	1.77794
64.0692	12.6638	0.500617	64.5165	12.6625	1.75632
64.0841	13.78	0.533257	64.516	13.7789	1.81469
64.0907	14.8779	0.542001	64.5073	14.8768	1.80281
64.1278	15.9778	0.550252	64.5291	15.9771	1.78108
64.1646	17.0834	0.568441	64.5508	17.083	1.82
64.1817	18.1912	0.589735	64.5528	18.191	1.84869
64.2124	19.3032	0.588505	64.5684	19.3032	1.82944
64.2328	20.444	0.598614	64.5736	20.4441	1.82023
64.2504	21.6096	0.606941	64.5759	21.6097	1.81783
64.2989	22.7633	0.60144	64.6094	22.7639	1.7771
64.3339	23.9067	0.586467	64.6296	23.9075	1.79893
64.3912	25.0561	0.592941	64.6724	25.0574	1.81991
64.4492	26.1923	0.59032	64.7162	26.1941	1.805
64.5033	27.3232	0.584738	64.7565	27.3254	1.77915
64.5877	28.4541	0.586774	64.8274	28.457	1.80723
64.6682	29.5876	0.592679	64.8945	29.5913	1.81519
64.7547	30.7271	0.591655	64.9679	30.7315	1.81088
64.8299	31.8488	0.551549	65.0306	31.8538	1.77719
64.9337	32.9514	0.532037	65.1222	32.9573	1.77423
64.9907	34.0537	0.542955	65.1674	34.0599	1.7734
65.0831	35.167	0.549326	65.2483	35.1739	1.8401
65.1643	36.268	0.526357	65.3182	36.2755	1.81947
65.263	37.3385	0.492321	65.4063	37.3467	1.78377
65.385	38.4016	0.466329	65.5181	38.4108	1.79621
65.5006	39.4523	0.451107	65.6239	39.4623	1.78432
65.5986	40.4913	0.440455	65.7125	40.5019	1.78412
65.7063	41.5293	0.432523	65.8111	41.5407	1.80177
65.8143	42.5638	0.425068	65.9104	42.5758	1.80402
65.9349	43.6024	0.394615	66.0224	43.6151	1.80704
66.0266	44.6285	0.382543	66.1061	44.6417	1.79915
66.1278	45.6304	0.374988	66.1997	45.6441	1.8187
66.2244	46.6496	0.379631	66.2889	46.6639	1.83027
66.2916	47.6871	0.387067	66.3489	47.7016	1.85602
66.3761	48.7184	0.364646	66.4264	48.7332	1.84369
66.4561	49.7442	0.357913	66.4998	49.7592	1.83957
66.5428	50.7797	0.352675	66.5802	50.795	1.87499
66.634	51.8227	0.335583	66.6651	51.8383	1.83347
66.7046	52.8648	0.336219	66.73	52.8805	1.87624
66.7867	53.907	0.325752	66.8064	53.9229	1.85525
66.8641	54.9546	0.319296	66.8784	54.9705	1.86334
66.9383	56.0112	0.32895	66.9476	56.0274	1.88424
67.0196	57.0723	0.322026	67.024	57.0885	1.84404
67.1029	58.1255	0.313179	67.1026	58.1417	1.81975
67.193	59.1829	0.319996	67.1884	59.1994	1.83542
67.2836	60.2505	0.326301	67.2749	60.2672	1.83498
67.3629	61.3161	0.344229	67.3505	61.333	1.8491
67.4572	62.379	0.35125	67.4412	62.3961	1.84172
67.5447	63.4426	0.36824	67.5254	63.46	1.82792
67.6359	64.5006	0.381882	67.6135	64.5182	1.8423
67.7337	65.5472	0.397898	67.7085	65.5651	1.83846
67.8228	66.591	0.421542	67.7951	66.6092	1.83751
67.9216	67.633	0.409435	67.8912	67.651	1.81586
68.0109	68.6725	0.418856	67.9783	68.6906	1.82636
68.0999	69.7028	0.412468	68.0651	69.7206	1.79934
68.1813	70.7316	0.40477	68.1446	70.7492	1.7997
68.2892	71.7609	0.427285	68.2509	71.7788	1.80713
68.3916	72.765	0.402655	68.3516	72.7824	1.77227
68.4728	73.7707	0.407498	68.4314	73.7881	1.7909
68.6351	75.2521	0.39387	68.5916	75.2692	1.79031
68.7574	76.7174	0.406246	68.7122	76.7345	1.80755
68.8959	78.161	0.421695	68.8491	78.1782	1.821
69.0298	79.5912	0.42467	68.9817	79.6083	1.81066
69.1567	80.9986	0.426755	69.1075	81.0155	1.81338
69.2964	82.3726	0.429841	69.2462	82.3893	1.82377
69.4317	83.7241	0.416271	69.3807	83.7403	1.79981
69.5736	85.0588	0.433487	69.5221	85.075	1.81445
69.702	86.3655	0.446663	69.6501	86.3816	1.82336
69.8351	87.6782	0.463311	69.7828	87.6943	1.81603
69.9647	88.9852	0.462485	69.9123	89.0008	1.77241
70.096	90.2968	0.484285	70.0434	90.3125	1.76406
70.1663	91.6323	0.545868	70.1138	91.649	1.81011
70.2258	92.9816	0.603102	70.1736	92.9992	1.83299
70.2381	94.3532	0.647665	70.1862	94.3714	1.83565
70.26	95.7244	0.674311	70.2083	95.7427	1.82598
70.2772	97.1055	0.716487	70.2259	97.1243	1.8265
70.3048	98.4893	0.771383	70.254	98.509	1.82064
70.306	99.8867	0.800628	70.2556	99.9065	1.80961
70.3079	101.288	0.826206	70.2581	101.308	1.78957
70.3429	102.703	0.872061	70.2937	102.723	1.79864
70.382	104.113	0.92702	70.3335	104.134	1.80085
70.4701	105.538	0.976537	70.4223	105.56	1.81086
70.5651	106.98	1.04632	70.5182	107.003	1.79891
70.6999	108.427	1.10554	70.6538	108.452	1.80698
70.871	109.887	1.14826	70.8257	109.912	1.76326
71.0467	111.365	1.23506	71.0024	111.392	1.82414
71.1744	112.357	1.28917	71.1309	112.385	1.8322
71.2993	113.848	1.33992	71.2567	113.877	1.81778
71.4752	115.33	1.38093	71.4333	115.359	1.75848
71.5644	116.327	1.43043	71.5233	116.357	1.78499
71.6545	117.338	1.48318	71.6143	117.37	1.79155
71.7905	118.818	1.56322	71.7515	118.851	1.78914
71.8671	119.818	1.61709	71.8289	119.852	1.78966
71.9475	120.816	1.66403	71.91	120.851	1.78937
72.0651	122.295	1.75037	72.029	122.333	1.81491
72.173	123.767	1.8201	72.1378	123.806	1.7685
72.2902	125.247	1.91496	72.2566	125.289	1.78309
72.4064	126.691	1.99867	72.3739	126.735	1.77701
72.505	128.13	2.10585	72.4742	128.177	1.83024
72.538	129.562	2.19786	72.5087	129.612	1.85509
72.4523	130.96	2.30613	72.4248	131.014	1.85005
72.2719	132.321	2.37874	72.2455	132.377	1.83153
72.0061	133.632	2.4669	71.9812	133.691	1.85784
71.6354	134.909	2.53746	71.6115	134.97	1.86553
71.1391	136.138	2.59701	71.1161	136.2	1.8607
70.5086	137.322	2.64918	70.4864	137.386	1.85525
69.7222	138.478	2.69643	69.7007	138.543	1.87608
68.8411	139.554	2.71245	68.8196	139.619	1.8466
67.8118	140.533	2.72126	67.7902	140.597	1.78355
66.6957	141.432	2.74235	66.6744	141.496	1.7941
65.4948	142.231	2.7831	65.4744	142.297	1.80931
64.2115	142.954	2.80395	64.1915	143.021	1.8016
62.8667	143.562	2.79141	62.8464	143.627	1.8198
61.4776	144.023	2.7856	61.4574	144.088	1.8141
60.5056	144.316	2.7717	60.4853	144.38	1.78408
59.4991	144.544	2.76393	59.4788	144.608	1.85896
58.5019	144.688	2.72951	58.481	144.75	1.79775
57.4849	144.88	2.66242	57.4626	144.938	1.68278
56.4766	144.973	2.6499	56.4544	145.03	1.70045
55.4188	145.091	2.65569	55.3972	145.149	1.78835
54.3274	145.219	2.65412	54.3061	145.277	1.82323
53.2618	145.303	2.61389	53.2399	145.359	1.72872
52.1916	145.389	2.59242	52.1696	145.444	1.72585
51.1133	145.489	2.58814	51.0916	145.545	1.78081
50.0197	145.568	2.55068	49.9975	145.622	1.76454
48.9337	145.637	2.51589	48.9111	145.689	1.74256
47.8359	145.698	2.48395	47.813	145.747	1.7192
46.7074	145.758	2.46659	46.6845	145.808	1.7791
45.5673	145.825	2.43642	45.5441	145.873	1.75204
44.4052	145.913	2.41167	44.3819	145.96	1.74388
43.2233	145.973	2.39484	43.2001	146.019	1.74209
42.0246	146.051	2.38549	42.0016	146.098	1.70995
40.7939	146.147	2.37286	40.7711	146.194	1.76508
39.5593	146.253	2.34191	39.5362	146.298	1.78115
38.3184	146.371	2.32371	38.2954	146.416	1.80425
37.063	146.481	2.30138	37.04	146.524	1.77014
35.8198	146.605	2.27989	35.7967	146.648	1.77292
34.5693	146.727	2.25984	34.5462	146.769	1.77967
33.3179	146.856	2.22315	33.2946	146.896	1.76595
32.062	146.999	2.18952	32.0385	147.037	1.76757
30.7944	147.122	2.17529	30.7711	147.16	1.7726
29.5163	147.241	2.1358	29.4927	147.277	1.73826
28.2295	147.351	2.11325	28.206	147.386	1.73629
26.9298	147.473	2.09694	26.9065	147.508	1.76875
25.6085	147.595	2.08671	25.5855	147.63	1.80247
24.2807	147.724	2.084	24.258	147.76	1.81731
22.9342	147.845	2.07438	22.9118	147.881	1.81874
21.5791	147.978	2.07809	21.5573	148.015	1.85841
20.2168	148.085	2.06471	20.1952	148.122	1.86063
18.8533	148.197	2.03953	18.832	148.234	1.82325
17.4751	148.314	2.01599	17.4541	148.35	1.79431
16.0986	148.423	2.0025	16.0779	148.459	1.78029
14.716	148.53	2.00491	14.6958	148.567	1.79247
13.3443	148.612	2.00469	13.3247	148.651	1.78299
11.9716	148.69	2.00227	11.9524	148.73	1.77086
10.6077	148.766	1.98157	10.589	148.805	1.74371
9.23397	148.807	1.98521	9.21573	148.847	1.80199
7.85892	148.843	1.96675	7.84118	148.884	1.77631
6.50168	148.872	1.95264	6.48447	148.912	1.74886
5.14477	148.862	1.94678	5.12806	148.903	1.73864
3.79211	148.875	1.94934	3.77592	148.917	1.74858
2.43896	148.923	1.94832	2.42337	148.966	1.74563
1.13743	148.887	1.9802	1.12222	148.934	1.77907
-0.196614	148.893	2.05271	-0.211615	148.946	1.81621
-1.51165	148.913	2.0454	-1.52597	148.967	1.81868
-2.78173	148.928	2.04621	-2.79539	148.983	1.8438
-4.03986	148.949	2.055	-4.05289	149.006	1.86994
-5.27497	148.975	2.06234	-5.28732	149.033	1.84627
-6.49829	148.995	2.08959	-6.51014	149.055	1.8577
-7.71043	149.024	2.10568	-7.72163	149.086	1.86167
-8.87884	149.045	2.13063	-8.88947	149.11	1.87408
-10.0298	149.068	2.12546	-10.0395	149.133	1.83537
-11.1602	149.04	2.15481	-11.1694	149.108	1.83572
-12.2791	148.951	2.16571	-12.2877	149.02	1.83274
-13.3778	148.796	2.16286	-13.3855	148.865	1.81137
-14.4465	148.567	2.16894	-14.4536	148.638	1.80692
-15.4838	148.247	2.16594	-15.4902	148.319	1.78983
-16.4638	147.828	2.15135	-16.4694	147.9	1.79612
-17.395	147.292	2.14267	-17.4	147.365	1.81908
-18.2583	146.66	2.11347	-18.2626	146.733	1.82016
-19.0396	145.94	2.0678	-19.0428	146.012	1.81782
-19.7242	145.125	2.01046	-19.7267	145.196	1.79457
-20.3025	144.209	1.96338	-20.3044	144.279	1.79249
-20.7551	143.234	1.91611	-20.7563	143.303	1.7933
-21.1141	142.216	1.86579	-21.1145	142.285	1.7849
-21.4289	141.159	1.80601	-21.4285	141.227	1.79544
-21.6193	140.035	1.75176	-21.618	140.103	1.78443
-21.7291	138.882	1.69876	-21.7269	138.949	1.777
-21.8154	137.71	1.61692	-21.812	137.774	1.75786
-21.8817	136.519	1.5421	-21.8771	136.582	1.80508
-21.9331	135.294	1.47397	-21.9274	135.355	1.82011
-21.9797	134.035	1.38404	-21.9727	134.094	1.86822
-21.9776	132.739	1.29664	-21.9693	132.796	1.83237
-21.9718	131.422	1.18238	-21.9621	131.475	1.82151
-21.9946	130.079	1.0942	-21.9837	130.129	1.80236
-22.0273	128.713	0.998613	-22.0152	128.76	1.79747
-22.0589	127.317	0.892439	-22.0456	127.361	1.79033
-22.071	126.609	0.842582	-22.0565	126.652	1.7621
-22.1078	125.176	0.75012	-22.0924	125.217	1.77311
-22.1497	123.717	0.656771	-22.1334	123.756	1.74953
-22.1931	122.229	0.572206	-22.1761	122.266	1.75911
-22.2419	120.702	0.487654	-22.2243	120.737	1.76561
-22.287	119.159	0.40177	-22.269	119.193	1.76443
-22.3312	117.594	0.300779	-22.3131	117.625	1.72615
-22.3854	116.001	0.225	-22.3673	116.031	1.73956
-22.4475	114.384	0.127351	-22.4298	114.411	1.75526
-22.5245	112.75	0.0264818	-22.5076	112.775	1.76512
-22.6059	111.116	-0.0757008	-22.5899	111.139	1.73945
-22.6767	109.462	-0.175135	-22.6621	109.483	1.72027
-22.7491	107.798	-0.257576	-22.7361	107.817	1.77947
-22.8157	106.13	-0.328118	-22.8046	106.149	1.79625
-22.8931	104.443	-0.412805	-22.8845	104.46	1.83127
-22.9755	102.753	-0.482174	-22.9695	102.771	1.82333
-23.0649	101.052	-0.571677	-23.0624	101.068	1.79882
-23.1611	99.3553	-0.656369	-23.1626	99.3704	1.84601
-23.2553	97.6485	-0.735124	-23.2612	97.6629	1.8389
-23.3475	95.9098	-0.827887	-23.3587	95.9227	1.81002
-23.4497	94.1706	-0.908296	-23.4667	94.183	1.83549
-23.5599	92.4174	-0.995262	-23.5835	92.429	1.83962
-23.6812	90.6641	-1.11471	-23.7129	90.673	1.85851
-23.7941	88.8847	-1.21703	-23.8342	88.8921	1.85278
-23.901	87.1071	-1.33075	-23.9508	87.1124	1.82343
-24.0013	85.3308	-1.42596	-24.0609	85.3349	1.82828
-24.0991	83.5391	-1.55118	-24.1703	83.5405	1.78296
-24.2104	81.7197	-1.66104	-24.2939	81.7195	1.77078
-24.3146	79.8937	-1.80502	-24.4123	79.89	1.74663
-24.4097	78.0912	-1.93339	-24.522	78.0848	1.72254
-24.4952	76.2809	-2.01339	-24.6216	76.2744	1.75876
-24.5754	74.4854	-2.09864	-24.717	74.4785	1.79184
-24.6653	72.6737	-2.17087	-24.8228	72.6672	1.82083
-24.7425	70.8571	-2.24892	-24.9171	70.8507	1.84381
-24.8235	69.0509	-2.37043	-25.0176	69.0424	1.77696
-24.9212	67.2592	-2.45568	-25.1345	67.2507	1.80156
-25.0105	65.4629	-2.52312	-25.2435	65.4553	1.80933
-25.122	63.637	-2.61038	-25.3768	63.6296	1.87099
-25.2308	61.8458	-2.7195	-25.5089	61.8375	1.81896
-25.3551	60.03	-2.77795	-25.656	60.0237	1.83661
-25.4871	58.2391	-2.89411	-25.8135	58.2321	1.81453
-25.6133	56.4364	-2.95783	-25.9648	56.4312	1.79923
-25.747	54.6424	-3.04779	-26.1255	54.638	1.76142
-25.9054	52.8495	-3.09211	-26.3103	52.8483	1.84227
-26.0477	51.0712	-3.205	-26.4821	51.0701	1.81035
-26.1848	49.2908	-3.2555	-26.6477	49.2925	1.83929
-26.32	47.532	-3.3406	-26.8134	47.535	1.7846
-26.4574	45.7647	-3.41009	-26.9818	45.7697	1.79031
-26.5896	44.0201	-3.48905	-27.1459	44.0268	1.80411
-26.7062	42.2818	-3.56952	-27.2954	42.29	1.76805
-26.8357	40.5415	-3.6273	-27.4578	40.5522	1.79973
-26.9539	38.8123	-3.69877	-27.6102	38.825	1.7862
-27.0553	37.0846	-3.77291	-27.7466	37.0988	1.77239
-27.1505	35.3616	-3.83637	-27.8772	35.3777	1.8049
-27.204	33.6766	-3.93509	-27.9675	33.6924	1.75293
-27.2414	31.9807	-3.96513	-28.04	31.9986	1.81423
-27.2697	30.2922	-4.02782	-28.105	30.3108	1.82162
-27.2525	28.6427	-4.11745	-28.1255	28.6599	1.78734
-27.1951	27.0245	-4.17156	-28.1043	27.0409	1.80238
-27.0857	25.3975	-4.22136	-28.0318	25.4121	1.81489
-26.9214	23.8063	-4.28688	-27.9046	23.8174	1.81291
-26.6813	22.2426	-4.30957	-27.6999	22.2501	1.85976
-26.3783	20.7218	-4.34498	-27.4323	20.7238	1.86345
-26.0439	19.1891	-4.38629	-27.134	19.1848	1.9007
-25.6616	17.7118	-4.44353	-26.7874	17.6997	1.84415
-25.1824	16.2629	-4.51003	-26.3437	16.2405	1.72122
-24.6552	14.8603	-4.55323	-25.8505	14.8275	1.69466
-24.0955	13.5392	-4.57259	-25.3223	13.496	1.73199
-23.4294	12.2614	-4.57831	-24.6865	12.2062	1.84013
-22.6962	11.0295	-4.59989	-23.9832	10.9605	1.83737
-21.9063	9.89828	-4.62322	-23.2212	9.81434	1.80095
-21.0844	8.81117	-4.6569	-22.4265	8.7117	1.69293
-20.1452	7.83993	-4.65455	-21.5111	7.72375	1.68001
-19.1651	6.87983	-4.62484	-20.5537	6.74708	1.71052
-18.1796	6.05379	-4.63263	-19.5893	5.90384	1.64881
-17.1403	5.31874	-4.5987	-18.5682	5.15183	1.63669
-16.0227	4.58883	-4.58475	-17.4691	4.40359	1.67865
-14.967	3.95965	-4.57928	-16.4303	3.75744	1.63815
-13.8848	3.35552	-4.54975	-15.3637	3.1368	1.64723
-12.8081	2.83744	-4.52223	-14.3011	2.60274	1.61054
-11.6993	2.33076	-4.49641	-13.2061	2.08006	1.5677
-10.5933	2.00617	-4.46246	-12.1109	1.74016	1.60804
-9.4833	1.68758	-4.44246	-11.0119	1.40655	1.64303
-8.43955	1.39129	-4.41306	-9.97842	1.09689	1.65099
-7.42279	1.1445	-4.38451	-8.97126	0.837607	1.63831
-6.43358	0.981183	-4.35275	-7.99044	0.662749	1.61513
-4.99798	0.881144	-4.28719	-6.56161	0.546772	1.63035
-3.6216	0.797015	-4.23665	-5.1923	0.447904	1.63948
-2.43626	0.723016	-4.1842	-4.01374	0.362169	1.74854
-1.38701	0.664063	-4.14784	-2.97159	0.293228	1.79238
-0.126481	0.624975	-4.09366	-1.71751	0.242964	1.83862
0.922512	0.627929	-4.0399	-0.674451	0.237532	1.85309
1.95563	0.612432	-3.99789	0.352097	0.214027	1.83296
2.97482	0.587588	-3.95853	1.37034	0.176162	1.85209
